"woman" "district" "user" "living.children" "age_mean" "urban"  "constant"
1.00 1. 0 4 18.4400 1 1
2.00 1. 0 1 -5.5599 1 1
3.00 1. 0 3 1.44000 1 1
4.00 1. 0 4 8.44000 1 1
5.00 1. 0 1 -13.559 1 1
6.00 1. 0 1 -11.560 1 1
7.00 1. 0 4 18.4400 1 1
8.00 1. 0 4 -3.5599 1 1
9.00 1. 0 2 -5.5599 1 1
10.0 1. 0 4 1.44000 1 1
11.0 1. 1 1 -11.560 1 1
12.0 1. 0 1 -2.5599 1 1
13.0 1. 0 2 -4.5599 1 1
14.0 1. 0 4 5.44000 1 1
15.0 1. 0 4 -0.5599 1 1
16.0 1. 1 4 4.44000 1 1
17.0 1. 0 1 -5.5599 1 1
18.0 1. 1 4 -0.5599 1 1
19.0 1. 1 2 -6.5599 1 1
20.0 1. 0 3 -3.5600 1 1
21.0 1. 0 1 -4.5599 1 1
22.0 1. 0 1 -9.5599 1 1
23.0 1. 0 4 2.44000 1 1
24.0 1. 1 3 2.44000 1 1
25.0 1. 1 2 -4.5599 1 1
26.0 1. 0 4 14.4400 1 1
27.0 1. 1 1 -6.5599 1 1
28.0 1. 1 2 -3.5599 1 1
29.0 1. 1 2 -5.5599 1 1
30.0 1. 1 2 -1.5599 1 1
31.0 1. 0 3 -6.5599 1 1
32.0 1. 1 3 -2.5599 1 1
33.0 1. 0 3 -7.5599 1 1
34.0 1. 0 1 9.44000 1 1
35.0 1. 0 4 8.44000 1 1
36.0 1. 0 4 14.4400 1 1
37.0 1. 1 4 8.44000 1 1
38.0 1. 0 4 6.44000 1 1
39.0 1. 0 3 -3.5600 1 1
40.0 1. 1 4 -5.5599 1 1
41.0 1. 0 4 14.4400 1 1
42.0 1. 0 4 2.44000 1 1
43.0 1. 0 2 -10.559 1 1
44.0 1. 0 4 5.44000 1 1
45.0 1. 1 2 -7.5599 1 1
46.0 1. 1 3 -4.5599 1 1
47.0 1. 1 4 -1.5599 1 1
48.0 1. 0 2 -11.559 1 1
49.0 1. 1 4 1.44000 1 1
50.0 1. 1 3 11.4400 1 1
51.0 1. 0 1 -12.559 1 1
52.0 1. 1 3 -2.5599 1 1
53.0 1. 0 1 -3.5599 1 1
54.0 1. 1 1 -4.5599 1 1
55.0 1. 1 3 -7.5599 1 1
56.0 1. 1 2 8.44000 1 1
57.0 1. 1 3 -5.5599 1 1
58.0 1. 0 4 7.44000 1 1
59.0 1. 0 2 -6.5599 1 1
60.0 1. 0 1 -11.560 1 1
61.0 1. 0 4 15.4400 1 1
62.0 1. 0 3 -4.5599 1 1
63.0 1. 0 3 -3.5600 1 1
64.0 1. 0 4 11.4400 0 1
65.0 1. 0 4 -4.5599 0 1
66.0 1. 0 4 10.4400 0 1
67.0 1. 0 4 4.44000 0 1
68.0 1. 0 4 -3.5599 0 1
69.0 1. 0 1 -12.559 0 1
70.0 1. 0 3 -7.5599 0 1
71.0 1. 0 1 -13.559 0 1
72.0 1. 0 4 3.44000 0 1
73.0 1. 0 3 19.4400 0 1
74.0 1. 0 3 -7.5599 0 1
75.0 1. 0 3 1.44000 0 1
76.0 1. 0 1 -4.5599 0 1
77.0 1. 0 1 -7.5599 0 1
78.0 1. 0 4 -1.5599 0 1
79.0 1. 0 4 2.44000 0 1
80.0 1. 0 4 8.44000 0 1
81.0 1. 0 4 8.44000 0 1
82.0 1. 0 1 -9.5599 0 1
83.0 1. 1 4 8.44000 0 1
84.0 1. 0 4 7.44000 0 1
85.0 1. 0 4 5.44000 0 1
86.0 1. 1 4 2.44000 0 1
87.0 1. 0 1 -4.5599 0 1
88.0 1. 0 4 0.44000 0 1
89.0 1. 0 4 11.4400 0 1
90.0 1. 1 4 -3.5599 0 1
91.0 1. 0 1 5.44000 0 1
92.0 1. 0 4 -1.5599 0 1
93.0 1. 0 3 -7.5599 0 1
94.0 1. 1 4 5.44000 0 1
95.0 1. 0 2 6.44000 0 1
96.0 1. 1 4 0.44000 0 1
97.0 1. 1 4 10.4400 0 1
98.0 1. 1 4 7.44000 0 1
99.0 1. 0 2 -11.559 0 1
100. 1. 0 3 10.4400 0 1
101. 1. 0 4 2.44000 0 1
102. 1. 0 3 -3.5599 0 1
103. 1. 0 4 0.44000 0 1
104. 1. 0 4 16.4400 0 1
105. 1. 0 2 4.44000 0 1
106. 1. 0 4 12.4400 0 1
107. 1. 0 4 8.44000 0 1
108. 1. 0 4 18.4400 0 1
109. 1. 0 1 -13.559 0 1
110. 1. 0 2 -11.559 0 1
111. 1. 0 1 -2.5600 0 1
112. 1. 0 1 -5.5599 0 1
113. 1. 0 3 3.44000 0 1
114. 1. 0 1 -1.5599 0 1
115. 1. 0 4 3.44000 0 1
116. 1. 0 4 -1.5599 0 1
117. 1. 0 3 11.4400 0 1
118. 2. 0 4 -1.5599 0 1
119. 2. 0 3 -5.5599 0 1
120. 2. 0 1 -13.559 0 1
121. 2. 1 3 -5.5599 0 1
122. 2. 0 4 19.4400 0 1
123. 2. 1 4 1.44000 0 1
124. 2. 1 2 -2.5600 0 1
125. 2. 1 3 6.44000 0 1
126. 2. 0 3 -5.5599 0 1
127. 2. 1 4 7.44000 0 1
128. 2. 0 4 1.44000 0 1
129. 2. 0 3 0.44000 0 1
130. 2. 0 1 -11.559 0 1
131. 2. 0 4 10.4400 0 1
132. 2. 0 1 -7.5600 0 1
133. 2. 1 3 -2.5599 0 1
134. 2. 0 1 -13.559 0 1
135. 2. 1 3 -2.5599 0 1
136. 2. 0 3 1.44000 0 1
137. 2. 0 2 -11.559 0 1
138. 3. 1 4 -3.5599 1 1
139. 3. 1 1 -8.5599 1 1
140. 4. 1 2 -6.5599 1 1
141. 4. 1 4 2.44000 1 1
142. 4. 1 3 -1.5599 1 1
143. 4. 0 1 -3.5599 1 1
144. 4. 1 4 4.44000 1 1
145. 4. 1 3 7.44000 1 1
146. 4. 1 4 7.44000 1 1
147. 4. 1 4 -0.5599 1 1
148. 4. 1 2 -10.559 1 1
149. 4. 1 2 -3.5599 1 1
150. 4. 1 4 2.44000 1 1
151. 4. 0 3 -2.5599 0 1
152. 4. 1 2 -4.5599 0 1
153. 4. 0 1 -4.5599 0 1
154. 4. 0 4 14.4400 0 1
155. 4. 0 4 16.4400 0 1
156. 4. 0 4 6.44000 0 1
157. 4. 0 4 -1.5599 0 1
158. 4. 1 2 1.44000 0 1
159. 4. 0 4 2.44000 0 1
160. 4. 0 4 13.4400 0 1
161. 4. 0 4 16.4400 0 1
162. 4. 1 4 -0.5599 0 1
163. 4. 1 4 8.44000 0 1
164. 4. 1 4 2.44000 0 1
165. 4. 0 1 -10.559 0 1
166. 4. 0 3 -1.5599 0 1
167. 4. 0 2 -11.559 0 1
168. 4. 0 3 -9.5599 0 1
169. 4. 0 1 -7.5599 0 1
170. 5. 0 1 -13.560 1 1
171. 5. 1 4 2.44000 1 1
172. 5. 0 2 -4.5599 0 1
173. 5. 0 4 3.44000 0 1
174. 5. 0 1 -13.559 0 1
175. 5. 1 3 -4.5599 0 1
176. 5. 0 1 -11.559 0 1
177. 5. 1 1 -11.559 0 1
178. 5. 1 2 -6.5599 0 1
179. 5. 0 4 13.4400 0 1
180. 5. 1 1 -11.559 0 1
181. 5. 0 1 -10.559 0 1
182. 5. 0 1 -10.559 0 1
183. 5. 0 4 16.4400 0 1
184. 5. 0 1 -3.5600 0 1
185. 5. 0 4 -2.5599 0 1
186. 5. 0 4 16.4400 0 1
187. 5. 1 4 7.44000 0 1
188. 5. 0 1 -10.559 0 1
189. 5. 0 4 0.44000 0 1
190. 5. 1 4 6.44000 0 1
191. 5. 0 4 2.44000 0 1
192. 5. 0 1 -9.5599 0 1
193. 5. 1 3 -8.5600 0 1
194. 5. 1 4 14.4400 0 1
195. 5. 1 4 1.44000 0 1
196. 5. 1 3 -4.5599 0 1
197. 5. 0 4 -4.5599 0 1
198. 5. 0 3 -7.5599 0 1
199. 5. 1 3 -5.5599 0 1
200. 5. 1 1 -8.5599 0 1
201. 5. 0 1 -12.560 0 1
202. 5. 0 4 -1.5599 0 1
203. 5. 0 4 -1.5599 0 1
204. 5. 0 4 18.4400 0 1
205. 5. 0 3 17.4400 0 1
206. 5. 1 4 -0.5599 0 1
207. 5. 0 4 11.4400 0 1
208. 5. 0 4 13.4400 0 1
209. 6. 1 1 -0.5599 1 1
210. 6. 1 2 -4.5599 1 1
211. 6. 1 4 -0.5599 1 1
212. 6. 0 3 11.4400 1 1
213. 6. 1 1 -4.5599 1 1
214. 6. 0 4 7.44000 1 1
215. 6. 1 4 4.44000 1 1
216. 6. 0 3 -5.5600 0 1
217. 6. 0 4 13.4400 0 1
218. 6. 1 1 -12.560 0 1
219. 6. 0 4 12.4400 0 1
220. 6. 0 4 -5.5599 0 1
221. 6. 0 4 8.44000 0 1
222. 6. 0 1 -11.559 0 1
223. 6. 1 2 -0.5599 0 1
224. 6. 0 2 -7.5600 0 1
225. 6. 0 2 6.44000 0 1
226. 6. 1 4 4.44000 0 1
227. 6. 1 3 -5.5600 0 1
228. 6. 1 3 -0.5599 0 1
229. 6. 0 1 -6.5600 0 1
230. 6. 0 3 0.44000 0 1
231. 6. 0 4 13.4400 0 1
232. 6. 0 4 11.4400 0 1
233. 6. 0 1 1.44000 0 1
234. 6. 1 2 -5.5599 0 1
235. 6. 0 1 -6.5600 0 1
236. 6. 1 3 -4.5600 0 1
237. 6. 0 3 -2.5599 0 1
238. 6. 1 4 13.4400 0 1
239. 6. 0 1 -9.5599 0 1
240. 6. 0 1 -11.559 0 1
241. 6. 0 1 -8.5599 0 1
242. 6. 0 1 -9.5599 0 1
243. 6. 0 4 -2.5599 0 1
244. 6. 0 1 -10.559 0 1
245. 6. 0 4 18.4400 0 1
246. 6. 1 2 -7.5600 0 1
247. 6. 0 2 -4.5599 0 1
248. 6. 0 2 -9.5599 0 1
249. 6. 1 4 -0.5600 0 1
250. 6. 0 1 -8.5599 0 1
251. 6. 0 2 8.44000 0 1
252. 6. 0 2 -5.5599 0 1
253. 6. 0 3 5.44000 0 1
254. 6. 0 1 -12.560 0 1
255. 6. 0 4 16.4400 0 1
256. 6. 0 4 8.44000 0 1
257. 6. 0 4 8.44000 0 1
258. 6. 0 2 -4.5599 0 1
259. 6. 0 1 -6.5600 0 1
260. 6. 0 3 -2.5599 0 1
261. 6. 0 4 18.4400 0 1
262. 6. 0 3 18.4400 0 1
263. 6. 0 4 -0.5600 0 1
264. 6. 0 4 8.44000 0 1
265. 6. 0 4 -8.5599 0 1
266. 6. 0 4 -5.5599 0 1
267. 6. 1 3 0.44000 0 1
268. 6. 1 4 2.44000 0 1
269. 6. 0 2 -7.5600 0 1
270. 6. 1 4 -2.5599 0 1
271. 6. 0 4 15.4400 0 1
272. 6. 1 4 10.4400 0 1
273. 6. 0 1 -7.5599 0 1
274. 7. 0 4 1.44000 0 1
275. 7. 0 2 -8.5599 0 1
276. 7. 0 2 -7.5600 0 1
277. 7. 0 1 -13.560 0 1
278. 7. 0 4 -5.5599 0 1
279. 7. 0 1 -10.559 0 1
280. 7. 1 4 3.44000 0 1
281. 7. 0 4 11.4400 0 1
282. 7. 1 1 -7.5599 0 1
283. 7. 0 2 -6.5600 0 1
284. 7. 0 4 -0.5599 0 1
285. 7. 0 2 2.44000 0 1
286. 7. 1 4 3.44000 0 1
287. 7. 0 4 6.44000 0 1
288. 7. 1 2 -10.559 0 1
289. 7. 0 3 1.44000 0 1
290. 7. 0 1 -10.559 0 1
291. 7. 1 1 -8.5599 0 1
292. 8. 1 1 -10.559 1 1
293. 8. 1 3 0.44000 1 1
294. 8. 0 1 19.4400 0 1
295. 8. 0 4 9.44000 0 1
296. 8. 1 3 -4.5599 0 1
297. 8. 0 1 -12.560 0 1
298. 8. 0 2 -5.5599 0 1
299. 8. 0 4 11.4400 0 1
300. 8. 1 2 -6.5599 0 1
301. 8. 0 1 -11.560 0 1
302. 8. 1 4 7.44000 0 1
303. 8. 0 2 0.44000 0 1
304. 8. 1 4 1.44000 0 1
305. 8. 1 2 -7.5599 0 1
306. 8. 1 4 5.44000 0 1
307. 8. 0 3 2.44000 0 1
308. 8. 1 2 -7.5599 0 1
309. 8. 0 4 -1.5599 0 1
310. 8. 0 1 -9.5599 0 1
311. 8. 1 2 -6.5599 0 1
312. 8. 0 1 -7.5599 0 1
313. 8. 1 4 19.4400 0 1
314. 8. 0 3 -8.5599 0 1
315. 8. 0 3 -6.5599 0 1
316. 8. 1 4 19.4400 0 1
317. 8. 1 4 13.4400 0 1
318. 8. 0 2 -9.5599 0 1
319. 8. 0 1 -6.5599 0 1
320. 8. 0 4 12.4400 0 1
321. 8. 1 3 0.44000 0 1
322. 8. 0 4 16.4400 0 1
323. 8. 0 2 7.44000 0 1
324. 8. 0 1 -13.560 0 1
325. 8. 0 2 -3.5599 0 1
326. 8. 0 1 -6.5599 0 1
327. 8. 0 1 -9.5599 0 1
328. 8. 0 4 -2.5599 0 1
329. 9. 1 4 7.44000 1 1
330. 9. 1 3 -3.5599 1 1
331. 9. 0 4 16.4400 1 1
332. 9. 0 3 1.44000 0 1
333. 9. 1 4 -4.5599 0 1
334. 9. 0 4 -3.5599 0 1
335. 9. 1 2 -9.5599 0 1
336. 9. 0 4 -0.5599 0 1
337. 9. 1 3 2.44000 0 1
338. 9. 0 1 -11.559 0 1
339. 9. 0 4 10.4400 0 1
340. 9. 0 3 -5.5599 0 1
341. 9. 0 2 -6.5600 0 1
342. 9. 1 4 10.4400 0 1
343. 9. 0 3 -10.559 0 1
344. 9. 0 4 15.4400 0 1
345. 9. 0 4 -5.5599 0 1
346. 9. 0 1 -12.560 0 1
347. 9. 0 1 -12.560 0 1
348. 9. 0 2 -8.5599 0 1
349. 9. 1 3 -4.5599 0 1
350. 9. 0 4 10.4400 0 1
351. 9. 0 4 11.4400 0 1
352. 10 0 3 18.4400 0 1
353. 10 0 1 -11.559 0 1
354. 10 0 2 -6.5599 0 1
355. 10 0 4 3.44000 0 1
356. 10 0 4 6.44000 0 1
357. 10 0 1 13.4400 0 1
358. 10 0 4 15.4400 0 1
359. 10 1 2 3.44000 0 1
360. 10 0 4 15.4400 0 1
361. 10 0 3 19.4400 0 1
362. 10 0 1 12.4400 0 1
363. 10 0 1 -12.559 0 1
364. 10 0 1 -9.5599 0 1
365. 11 0 1 -9.5599 0 1
366. 11 0 1 -8.5599 0 1
367. 11 0 2 -5.5599 0 1
368. 11 0 2 18.4400 0 1
369. 11 0 1 -8.5599 0 1
370. 11 0 1 -9.5599 0 1
371. 11 0 1 -12.559 0 1
372. 11 0 1 3.44000 0 1
373. 11 0 1 -8.5599 0 1
374. 11 0 4 19.4400 0 1
375. 11 0 1 -3.5599 0 1
376. 11 0 2 -5.5599 0 1
377. 11 0 2 2.44000 0 1
378. 11 0 2 0.44000 0 1
379. 11 0 1 -11.559 0 1
380. 11 0 3 -2.5599 0 1
381. 11 0 4 2.44000 0 1
382. 11 0 2 -8.5599 0 1
383. 11 0 1 -8.5599 0 1
384. 11 0 1 -6.5600 0 1
385. 11 0 4 18.4400 0 1
386. 12 1 4 9.44000 1 1
387. 12 0 4 18.4400 1 1
388. 12 0 3 -5.5599 1 1
389. 12 1 1 4.44000 1 1
390. 12 0 4 -3.5599 1 1
391. 12 0 4 17.4400 1 1
392. 12 1 4 9.44000 0 1
393. 12 0 2 -7.5599 0 1
394. 12 0 4 19.4400 0 1
395. 12 0 4 6.44000 0 1
396. 12 0 1 -1.5599 0 1
397. 12 0 4 3.44000 0 1
398. 12 1 1 -5.5599 0 1
399. 12 0 4 5.44000 0 1
400. 12 1 1 -11.559 0 1
401. 12 0 4 -1.5599 0 1
402. 12 0 4 2.44000 0 1
403. 12 0 3 -5.5599 0 1
404. 12 1 2 -1.5599 0 1
405. 12 0 4 5.44000 0 1
406. 12 1 4 18.4400 0 1
407. 12 0 4 10.4400 0 1
408. 12 1 4 4.44000 0 1
409. 12 0 4 3.44000 0 1
410. 12 1 4 11.4400 0 1
411. 12 0 3 -2.5599 0 1
412. 12 0 3 -1.5599 0 1
413. 12 1 4 8.44000 0 1
414. 12 0 1 -4.5599 0 1
415. 13 0 4 10.4400 1 1
416. 13 0 1 -11.559 1 1
417. 13 1 4 6.44000 1 1
418. 13 1 1 -7.5599 1 1
419. 13 0 2 -12.559 1 1
420. 13 1 2 -3.5599 1 1
421. 13 0 1 -8.5599 1 1
422. 13 0 1 -5.5599 1 1
423. 13 0 4 -2.5599 0 1
424. 13 0 4 16.4400 0 1
425. 13 1 4 0.44000 0 1
426. 13 1 4 -1.5599 0 1
427. 13 0 1 -2.5599 0 1
428. 13 0 4 15.4400 0 1
429. 13 0 2 0.44000 0 1
430. 13 1 3 -7.5599 0 1
431. 13 0 1 10.4400 0 1
432. 13 0 1 -7.5599 0 1
433. 13 0 4 3.44000 0 1
434. 13 1 4 0.44000 0 1
435. 13 0 1 13.4400 0 1
436. 13 1 4 4.44000 0 1
437. 13 1 4 12.4400 0 1
438. 13 1 2 -3.5599 0 1
439. 14 0 1 -9.5599 1 1
440. 14 1 1 -10.559 1 1
441. 14 0 2 -10.559 1 1
442. 14 0 2 -11.559 1 1
443. 14 1 1 -11.559 1 1
444. 14 0 2 2.44000 1 1
445. 14 0 1 7.44000 1 1
446. 14 0 1 0.44000 1 1
447. 14 0 2 -3.5599 1 1
448. 14 1 1 -7.5599 1 1
449. 14 1 3 -2.5599 1 1
450. 14 0 4 3.44000 1 1
451. 14 1 2 3.44000 1 1
452. 14 1 1 -11.559 1 1
453. 14 1 2 -4.5599 1 1
454. 14 0 1 -10.559 1 1
455. 14 1 4 12.4400 1 1
456. 14 0 2 -7.5599 1 1
457. 14 1 4 2.44000 1 1
458. 14 0 1 -10.559 1 1
459. 14 0 1 -10.559 1 1
460. 14 1 1 -8.5599 1 1
461. 14 0 4 8.44000 1 1
462. 14 0 1 -12.559 1 1
463. 14 0 3 -6.5600 1 1
464. 14 1 1 -8.5599 1 1
465. 14 1 4 14.4400 1 1
466. 14 1 4 16.4400 1 1
467. 14 1 4 6.44000 1 1
468. 14 1 4 16.4400 1 1
469. 14 1 1 -11.559 1 1
470. 14 1 4 3.44000 1 1
471. 14 1 2 -5.5599 1 1
472. 14 1 1 -6.5599 1 1
473. 14 1 3 -2.5599 1 1
474. 14 1 3 -7.5599 1 1
475. 14 1 4 -1.5600 1 1
476. 14 1 3 2.44000 1 1
477. 14 1 4 5.44000 1 1
478. 14 0 4 0.44000 1 1
479. 14 1 4 9.44000 1 1
480. 14 1 4 4.44000 1 1
481. 14 1 1 -13.559 1 1
482. 14 1 1 -13.559 1 1
483. 14 1 4 6.44000 1 1
484. 14 0 1 2.44000 1 1
485. 14 0 1 -8.5599 1 1
486. 14 0 4 12.4400 1 1
487. 14 1 1 -9.5599 1 1
488. 14 1 4 10.4400 1 1
489. 14 1 1 -11.559 1 1
490. 14 0 4 2.44000 1 1
491. 14 0 1 -10.559 1 1
492. 14 1 1 -8.5599 1 1
493. 14 1 4 2.44000 1 1
494. 14 1 4 4.44000 1 1
495. 14 1 4 7.44000 1 1
496. 14 0 2 -10.559 1 1
497. 14 0 1 -6.5599 1 1
498. 14 1 3 3.44000 1 1
499. 14 1 1 -9.5599 1 1
500. 14 0 2 6.44000 1 1
501. 14 1 3 -4.5599 1 1
502. 14 1 2 -5.5599 1 1
503. 14 0 2 -8.5599 1 1
504. 14 1 3 0.44000 1 1
505. 14 1 4 17.4400 1 1
506. 14 1 3 -7.5599 1 1
507. 14 0 4 14.4400 1 1
508. 14 0 2 -4.5599 1 1
509. 14 1 3 3.44000 1 1
510. 14 1 2 -1.5599 1 1
511. 14 1 2 -8.5599 1 1
512. 14 1 4 0.44000 1 1
513. 14 1 2 -6.5599 1 1
514. 14 1 4 13.4400 1 1
515. 14 1 1 0.44000 1 1
516. 14 1 4 7.44000 1 1
517. 14 1 3 0.44000 1 1
518. 14 0 1 -1.5599 1 1
519. 14 1 1 -12.559 1 1
520. 14 0 3 18.4400 1 1
521. 14 1 4 7.44000 1 1
522. 14 1 1 -8.5599 1 1
523. 14 1 4 11.4400 1 1
524. 14 1 4 13.4400 1 1
525. 14 1 2 -7.5599 1 1
526. 14 0 1 -10.559 1 1
527. 14 1 2 -3.5599 1 1
528. 14 1 2 -7.5599 1 1
529. 14 1 3 -4.5599 1 1
530. 14 1 1 -8.5599 1 1
531. 14 0 3 -2.5599 1 1
532. 14 1 1 -9.5599 1 1
533. 14 1 1 0.44000 1 1
534. 14 0 1 -5.5599 1 1
535. 14 1 1 -3.5599 1 1
536. 14 1 2 -10.559 1 1
537. 14 0 3 0.44000 1 1
538. 14 1 4 8.44000 1 1
539. 14 1 3 4.44000 1 1
540. 14 1 2 2.44000 0 1
541. 14 1 2 -5.5599 0 1
542. 14 0 3 -6.5599 0 1
543. 14 0 3 6.44000 0 1
544. 14 0 2 -7.5599 0 1
545. 14 0 2 -1.5599 0 1
546. 14 0 4 -3.5599 0 1
547. 14 1 4 10.4400 0 1
548. 14 0 4 18.4400 0 1
549. 14 1 1 -12.559 0 1
550. 14 0 4 17.4400 0 1
551. 14 1 4 -5.5599 0 1
552. 14 0 1 -12.559 0 1
553. 14 0 1 -10.560 0 1
554. 14 0 4 0.44000 0 1
555. 14 0 2 -8.5599 0 1
556. 14 1 4 17.4400 0 1
557. 15 1 4 14.4400 1 1
558. 15 0 1 -13.559 1 1
559. 15 0 4 1.44000 1 1
560. 15 0 4 2.44000 1 1
561. 15 1 4 -0.5599 1 1
562. 15 0 4 19.4400 1 1
563. 15 0 2 0.44000 1 1
564. 15 1 1 -4.5599 1 1
565. 15 1 3 -3.5599 0 1
566. 15 0 1 -9.5599 0 1
567. 15 0 3 10.4400 0 1
568. 15 0 2 4.44000 0 1
569. 15 1 4 8.44000 0 1
570. 15 0 2 -5.5599 0 1
571. 15 0 1 -2.5599 0 1
572. 15 0 1 -7.5600 0 1
573. 15 0 1 -12.559 0 1
574. 15 1 2 -4.5599 0 1
575. 15 0 2 -8.5599 0 1
576. 15 0 1 -10.559 0 1
577. 15 1 3 -2.5599 0 1
578. 15 1 2 -5.5599 0 1
579. 16 1 3 -0.5599 1 1
580. 16 1 1 -9.5599 1 1
581. 16 0 1 -12.560 0 1
582. 16 0 1 -12.560 0 1
583. 16 1 1 -10.559 0 1
584. 16 0 1 -12.560 0 1
585. 16 1 1 -8.5599 0 1
586. 16 1 3 4.44000 0 1
587. 16 1 3 17.4400 0 1
588. 16 1 3 8.44000 0 1
589. 16 0 4 4.44000 0 1
590. 16 1 2 -10.559 0 1
591. 16 0 1 -10.559 0 1
592. 16 0 1 -13.559 0 1
593. 16 0 2 0.44000 0 1
594. 16 1 4 10.4400 0 1
595. 16 0 1 -12.560 0 1
596. 16 0 3 18.4400 0 1
597. 16 1 1 -10.559 0 1
598. 16 1 2 -6.5599 0 1
599. 17 0 1 -11.559 0 1
600. 17 0 1 -12.559 0 1
601. 17 1 4 -0.5599 0 1
602. 17 1 4 4.44000 0 1
603. 17 1 4 5.44000 0 1
604. 17 0 2 -7.5599 0 1
605. 17 0 2 -5.5599 0 1
606. 17 0 4 15.4400 0 1
607. 17 0 1 -4.5599 0 1
608. 17 0 1 -12.559 0 1
609. 17 0 4 -5.5599 0 1
610. 17 0 3 -2.5599 0 1
611. 17 0 1 -12.559 0 1
612. 17 0 1 1.44000 0 1
613. 17 1 4 7.44000 0 1
614. 17 0 4 9.44000 0 1
615. 17 1 4 -2.5599 0 1
616. 17 0 4 -2.5599 0 1
617. 17 0 4 0.44000 0 1
618. 17 1 3 -0.5599 0 1
619. 17 0 4 -5.5599 0 1
620. 17 1 4 0.44000 0 1
621. 17 0 4 11.4400 0 1
622. 17 0 4 9.44000 0 1
623. 18 0 1 -1.5600 1 1
624. 18 1 2 -5.5599 1 1
625. 18 0 3 1.44000 1 1
626. 18 0 3 -1.5599 1 1
627. 18 0 1 -9.5599 1 1
628. 18 1 4 2.44000 1 1
629. 18 0 1 -7.5599 1 1
630. 18 0 1 -11.559 1 1
631. 18 1 3 0.44000 1 1
632. 18 1 4 15.4400 1 1
633. 18 0 1 -7.5599 1 1
634. 18 1 1 -8.5599 1 1
635. 18 1 1 -9.5599 1 1
636. 18 1 4 8.44000 1 1
637. 18 0 1 -12.559 0 1
638. 18 1 2 -6.5599 0 1
639. 18 0 1 -10.559 0 1
640. 18 0 2 -8.5599 0 1
641. 18 0 1 -8.5599 0 1
642. 18 1 1 -13.560 0 1
643. 18 1 4 -0.5599 0 1
644. 18 0 3 1.44000 0 1
645. 18 0 1 -13.560 0 1
646. 18 0 1 -11.559 0 1
647. 18 0 4 15.4400 0 1
648. 18 1 4 -5.5599 0 1
649. 18 0 4 12.4400 0 1
650. 18 0 4 17.4400 0 1
651. 18 1 3 -5.5599 0 1
652. 18 1 4 6.44000 0 1
653. 18 0 4 8.44000 0 1
654. 18 0 3 17.4400 0 1
655. 18 0 3 -2.5599 0 1
656. 18 0 4 4.44000 0 1
657. 18 0 1 0.44000 0 1
658. 18 1 2 -13.559 0 1
659. 18 0 4 -2.5599 0 1
660. 18 0 4 1.44000 0 1
661. 18 0 1 17.4400 0 1
662. 18 0 3 -6.5599 0 1
663. 18 0 3 -6.5599 0 1
664. 18 0 4 5.44000 0 1
665. 18 1 2 -6.5599 0 1
666. 18 0 1 -4.5599 0 1
667. 18 0 4 7.44000 0 1
668. 18 0 4 16.4400 0 1
669. 18 1 1 -10.559 0 1
670. 19 0 1 -2.5599 1 1
671. 19 1 2 -11.559 1 1
672. 19 1 4 -1.5599 1 1
673. 19 1 1 -12.559 1 1
674. 19 0 2 18.4400 0 1
675. 19 1 4 2.44000 0 1
676. 19 1 4 -0.5599 0 1
677. 19 0 1 -6.5599 0 1
678. 19 0 4 3.44000 0 1
679. 19 0 4 11.4400 0 1
680. 19 0 2 14.4400 0 1
681. 19 0 2 5.44000 0 1
682. 19 0 1 -9.5599 0 1
683. 19 0 1 -2.5599 0 1
684. 19 0 2 -6.5599 0 1
685. 19 1 1 0.44000 0 1
686. 19 0 1 -1.5599 0 1
687. 19 0 1 -10.560 0 1
688. 19 1 4 3.44000 0 1
689. 19 1 2 3.44000 0 1
690. 19 1 4 2.44000 0 1
691. 19 0 2 -5.5599 0 1
692. 19 0 4 -5.5599 0 1
693. 19 0 4 0.44000 0 1
694. 19 1 4 12.4400 0 1
695. 19 0 4 5.44000 0 1
696. 20 0 3 -1.5599 0 1
697. 20 0 3 3.44000 0 1
698. 20 1 1 -12.560 0 1
699. 20 1 3 -0.5599 0 1
700. 20 0 4 17.4400 0 1
701. 20 1 1 -12.560 0 1
702. 20 1 1 -10.559 0 1
703. 20 0 3 -5.5599 0 1
704. 20 0 4 11.4400 0 1
705. 20 0 1 -12.560 0 1
706. 20 0 1 -13.559 0 1
707. 20 0 1 8.44000 0 1
708. 20 0 1 -13.559 0 1
709. 20 1 4 12.4400 0 1
710. 20 1 4 -1.5599 0 1
711. 21 0 4 18.4400 1 1
712. 21 0 4 19.4400 1 1
713. 21 1 1 -12.559 1 1
714. 21 0 1 -13.560 1 1
715. 21 0 4 -3.5599 1 1
716. 21 0 4 14.4400 1 1
717. 21 0 4 12.4400 1 1
718. 21 0 2 -6.5599 1 1
719. 21 0 3 7.44000 0 1
720. 21 1 1 1.44000 0 1
721. 21 0 2 -7.5599 0 1
722. 21 1 3 -1.5599 0 1
723. 21 0 3 -2.5599 0 1
724. 21 1 2 -4.5599 0 1
725. 21 1 1 2.44000 0 1
726. 21 1 2 -0.5599 0 1
727. 21 1 1 -7.5599 0 1
728. 21 0 1 -10.559 0 1
729. 22 0 2 4.44000 0 1
730. 22 1 3 -5.5599 0 1
731. 22 0 1 19.4400 0 1
732. 22 0 4 -1.5599 0 1
733. 22 0 1 -10.559 0 1
734. 22 0 4 -4.5599 0 1
735. 22 0 4 17.4400 0 1
736. 22 1 2 -3.5599 0 1
737. 22 0 3 -3.5600 0 1
738. 22 0 3 3.44000 0 1
739. 22 0 2 -8.5599 0 1
740. 22 0 3 -1.5600 0 1
741. 22 0 4 5.44000 0 1
742. 22 0 1 -11.559 0 1
743. 22 0 4 17.4400 0 1
744. 22 0 4 6.44000 0 1
745. 22 0 4 0.44000 0 1
746. 22 0 4 0.44000 0 1
747. 22 1 3 -4.5599 0 1
748. 22 1 2 -1.5599 0 1
749. 23 0 3 -4.5599 0 1
750. 23 0 1 -8.5599 0 1
751. 23 1 3 -1.5599 0 1
752. 23 0 3 -2.5599 0 1
753. 23 0 4 16.4400 0 1
754. 23 0 4 -1.5599 0 1
755. 23 0 3 -5.5600 0 1
756. 23 0 2 10.4400 0 1
757. 23 1 4 10.4400 0 1
758. 23 0 1 -11.559 0 1
759. 23 0 4 8.44000 0 1
760. 23 1 4 7.44000 0 1
761. 23 0 1 -11.559 0 1
762. 23 1 3 5.44000 0 1
763. 23 0 4 8.44000 0 1
764. 24 0 1 -8.5599 0 1
765. 24 0 4 -3.5599 0 1
766. 24 0 2 -6.5599 0 1
767. 24 0 4 17.4400 0 1
768. 24 0 1 -11.559 0 1
769. 24 0 1 -10.559 0 1
770. 24 0 4 5.44000 0 1
771. 24 0 4 9.44000 0 1
772. 24 0 4 4.44000 0 1
773. 24 0 1 6.44000 0 1
774. 24 1 4 6.44000 0 1
775. 24 0 1 -13.560 0 1
776. 24 0 2 -4.5599 0 1
777. 24 0 4 15.4400 0 1
778. 25 0 1 -8.5599 1 1
779. 25 1 3 -5.5599 1 1
780. 25 0 1 -3.5599 1 1
781. 25 1 4 1.44000 1 1
782. 25 0 1 -1.5599 1 1
783. 25 1 2 9.44000 1 1
784. 25 1 4 8.44000 1 1
785. 25 1 2 -0.5599 1 1
786. 25 0 4 -5.5600 1 1
787. 25 0 1 0.44000 1 1
788. 25 1 4 -1.5599 1 1
789. 25 0 1 -11.559 1 1
790. 25 0 1 -11.559 1 1
791. 25 1 4 4.44000 1 1
792. 25 0 1 -9.5599 1 1
793. 25 0 1 -10.559 1 1
794. 25 0 2 2.44000 1 1
795. 25 1 2 -7.5599 1 1
796. 25 1 4 18.4400 0 1
797. 25 0 2 -6.5599 0 1
798. 25 0 4 -2.5599 0 1
799. 25 1 2 -3.5599 0 1
800. 25 1 2 -8.5599 0 1
801. 25 1 3 6.44000 0 1
802. 25 0 1 -13.560 0 1
803. 25 0 4 3.44000 0 1
804. 25 0 4 3.44000 0 1
805. 25 0 4 1.44000 0 1
806. 25 0 1 -8.5599 0 1
807. 25 1 4 0.44000 0 1
808. 25 1 4 4.44000 0 1
809. 25 0 3 -5.5599 0 1
810. 25 1 4 5.44000 0 1
811. 25 1 2 -10.559 0 1
812. 25 1 4 -9.5599 0 1
813. 25 0 4 4.44000 0 1
814. 25 1 3 1.44000 0 1
815. 25 0 1 -12.560 0 1
816. 25 0 3 -6.5599 0 1
817. 25 0 2 -4.5599 0 1
818. 25 0 1 -1.5599 0 1
819. 25 1 3 5.44000 0 1
820. 25 1 4 5.44000 0 1
821. 25 0 3 2.44000 0 1
822. 25 1 4 10.4400 0 1
823. 25 0 1 -11.560 0 1
824. 25 1 4 4.44000 0 1
825. 25 0 4 7.44000 0 1
826. 25 1 2 -6.5599 0 1
827. 25 1 4 0.44000 0 1
828. 25 1 4 -1.5599 0 1
829. 25 0 2 -5.5599 0 1
830. 25 0 2 -2.5599 0 1
831. 25 1 4 14.4400 0 1
832. 25 0 1 -5.5599 0 1
833. 25 1 2 -11.559 0 1
834. 25 1 4 1.44000 0 1
835. 25 0 3 -0.5600 0 1
836. 25 0 4 18.4400 0 1
837. 25 0 2 -1.5599 0 1
838. 25 0 1 -11.560 0 1
839. 25 0 2 -5.5599 0 1
840. 25 0 3 -1.5599 0 1
841. 25 1 4 -2.5599 0 1
842. 25 1 4 4.44000 0 1
843. 25 0 1 -12.560 0 1
844. 25 0 4 5.44000 0 1
845. 26 1 4 5.44000 0 1
846. 26 0 4 5.44000 0 1
847. 26 0 4 3.44000 0 1
848. 26 0 4 7.44000 0 1
849. 26 0 2 -8.5599 0 1
850. 26 0 2 -9.5599 0 1
851. 26 0 1 -9.5599 0 1
852. 26 1 3 7.44000 0 1
853. 26 0 2 -5.5599 0 1
854. 26 1 2 -2.5599 0 1
855. 26 0 3 15.4400 0 1
856. 26 1 3 7.44000 0 1
857. 26 1 3 -2.5599 0 1
858. 27 0 4 1.44000 1 1
859. 27 0 1 -2.5599 1 1
860. 27 0 4 4.44000 1 1
861. 27 1 1 -9.5599 1 1
862. 27 1 4 14.4400 1 1
863. 27 0 2 -6.5600 0 1
864. 27 0 1 -12.559 0 1
865. 27 0 4 15.4400 0 1
866. 27 0 4 10.4400 0 1
867. 27 0 2 2.44000 0 1
868. 27 0 4 14.4400 0 1
869. 27 0 4 19.4400 0 1
870. 27 0 3 6.44000 0 1
871. 27 0 4 10.4400 0 1
872. 27 1 1 -5.5599 0 1
873. 27 0 4 19.4400 0 1
874. 27 0 1 0.44000 0 1
875. 27 0 1 -12.559 0 1
876. 27 0 1 -12.559 0 1
877. 27 0 1 -7.5600 0 1
878. 27 0 1 -1.5599 0 1
879. 27 1 3 9.44000 0 1
880. 27 1 4 14.4400 0 1
881. 27 0 2 -4.5599 0 1
882. 27 0 1 -10.559 0 1
883. 27 0 3 -5.5600 0 1
884. 27 0 4 17.4400 0 1
885. 27 1 1 -5.5599 0 1
886. 27 1 4 2.44000 0 1
887. 27 0 1 -13.559 0 1
888. 27 0 1 -12.559 0 1
889. 27 1 3 -0.5599 0 1
890. 27 0 4 8.44000 0 1
891. 27 0 2 -2.5599 0 1
892. 27 0 1 -11.559 0 1
893. 27 0 2 -5.5599 0 1
894. 27 0 2 4.44000 0 1
895. 27 0 1 -9.5599 0 1
896. 27 0 4 14.4400 0 1
897. 27 0 4 9.44000 0 1
898. 27 0 4 11.4400 0 1
899. 27 0 4 18.4400 0 1
900. 27 0 4 11.4400 0 1
901. 27 0 4 6.44000 0 1
902. 28 0 4 10.4400 1 1
903. 28 0 4 -1.5599 1 1
904. 28 0 4 9.44000 1 1
905. 28 1 4 4.44000 1 1
906. 28 1 2 -9.5599 0 1
907. 28 1 3 -2.5599 0 1
908. 28 0 2 -1.5600 0 1
909. 28 0 4 18.4400 0 1
910. 28 1 4 9.44000 0 1
911. 28 0 4 18.4400 0 1
912. 28 1 4 10.4400 0 1
913. 28 1 4 -1.5599 0 1
914. 28 0 4 9.44000 0 1
915. 28 1 4 9.44000 0 1
916. 28 0 4 19.4400 0 1
917. 28 0 1 -7.5600 0 1
918. 28 1 1 -13.560 0 1
919. 28 0 4 18.4400 0 1
920. 28 0 1 -12.559 0 1
921. 28 0 3 -0.5599 0 1
922. 28 1 4 11.4400 0 1
923. 28 0 1 -12.559 0 1
924. 28 0 1 -13.560 0 1
925. 28 0 1 -9.5599 0 1
926. 28 0 1 -11.559 0 1
927. 28 1 4 5.44000 0 1
928. 28 0 2 -7.5600 0 1
929. 28 0 1 -7.5600 0 1
930. 28 0 4 16.4400 0 1
931. 28 1 4 1.44000 0 1
932. 28 1 3 -2.5599 0 1
933. 28 0 4 1.44000 0 1
934. 28 0 4 18.4400 0 1
935. 28 0 2 -2.5599 0 1
936. 28 0 4 3.44000 0 1
937. 28 0 4 19.4400 0 1
938. 28 0 2 -9.5599 0 1
939. 28 0 2 -6.5600 0 1
940. 28 0 3 -2.5599 0 1
941. 28 0 1 -7.5600 0 1
942. 28 0 1 -10.559 0 1
943. 28 0 3 8.44000 0 1
944. 28 0 4 6.44000 0 1
945. 28 0 4 10.4400 0 1
946. 28 0 3 -9.5599 0 1
947. 28 0 1 -12.559 0 1
948. 28 0 4 8.44000 0 1
949. 28 0 2 0.44000 0 1
950. 28 0 2 -0.5599 0 1
951. 29 0 4 9.44000 1 1
952. 29 0 1 -5.5599 1 1
953. 29 1 4 12.4400 1 1
954. 29 1 4 7.44000 1 1
955. 29 0 1 -0.5599 1 1
956. 29 1 3 0.44000 1 1
957. 29 1 1 10.4400 1 1
958. 29 0 1 -8.5599 0 1
959. 29 0 1 -13.559 0 1
960. 29 0 1 -10.559 0 1
961. 29 0 1 -7.5600 0 1
962. 29 0 4 -1.5599 0 1
963. 29 0 3 -0.5599 0 1
964. 29 0 4 11.4400 0 1
965. 29 0 1 4.44000 0 1
966. 29 0 4 10.4400 0 1
967. 29 0 1 -4.5599 0 1
968. 29 0 1 -9.5599 0 1
969. 29 1 1 -12.559 0 1
970. 29 0 1 -9.5599 0 1
971. 29 1 4 8.44000 0 1
972. 29 0 4 19.4400 0 1
973. 29 0 3 18.4400 0 1
974. 29 0 1 -9.5599 0 1
975. 29 0 1 -7.5600 0 1
976. 29 1 4 2.44000 0 1
977. 29 0 1 -11.559 0 1
978. 29 1 2 -8.5599 0 1
979. 29 0 2 -5.5599 0 1
980. 29 0 2 -9.5599 0 1
981. 29 0 3 -5.5599 0 1
982. 29 1 4 0.44000 0 1
983. 30 1 2 -0.5599 1 1
984. 30 1 3 5.44000 1 1
985. 30 1 2 -0.5599 1 1
986. 30 1 4 5.44000 1 1
987. 30 1 4 8.44000 1 1
988. 30 0 2 -6.5599 1 1
989. 30 0 3 -3.5600 1 1
990. 30 1 4 19.4399 1 1
991. 30 1 3 0.44000 1 1
992. 30 1 4 19.4399 1 1
993. 30 0 1 -8.5599 1 1
994. 30 1 2 -2.5599 1 1
995. 30 1 2 -8.5599 1 1
996. 30 1 2 -2.5599 1 1
997. 30 0 1 -10.559 1 1
998. 30 1 2 5.44000 1 1
999. 30 1 4 11.4400 0 1
1000 30 0 1 4.44000 0 1
1001 30 1 2 -4.5599 0 1
1002 30 0 1 3.44000 0 1
1003 30 0 1 -9.5599 0 1
1004 30 1 4 6.44000 0 1
1005 30 0 1 -11.559 0 1
1006 30 1 4 8.44000 0 1
1007 30 1 4 -6.5599 0 1
1008 30 1 4 9.44000 0 1
1009 30 0 1 -13.559 0 1
1010 30 1 1 -10.559 0 1
1011 30 0 2 -7.5599 0 1
1012 30 0 4 6.44000 0 1
1013 30 1 2 -1.5599 0 1
1014 30 0 4 15.4400 0 1
1015 30 0 1 -6.5599 0 1
1016 30 1 2 -4.5599 0 1
1017 30 0 1 -11.559 0 1
1018 30 1 2 -4.5599 0 1
1019 30 1 4 9.44000 0 1
1020 30 0 1 -11.559 0 1
1021 30 0 2 -8.5599 0 1
1022 30 1 4 17.4400 0 1
1023 30 0 2 -6.5599 0 1
1024 30 0 2 -0.5599 0 1
1025 30 1 4 7.44000 0 1
1026 30 1 4 2.44000 0 1
1027 30 1 4 7.44000 0 1
1028 30 1 2 8.44000 0 1
1029 30 0 1 -9.5599 0 1
1030 30 0 4 8.44000 0 1
1031 30 0 1 -11.559 0 1
1032 30 0 1 12.4400 0 1
1033 30 0 3 0.44000 0 1
1034 30 0 1 -10.559 0 1
1035 30 1 2 2.44000 0 1
1036 30 0 1 -9.5599 0 1
1037 30 0 3 0.44000 0 1
1038 30 0 1 -10.559 0 1
1039 30 0 1 -10.559 0 1
1040 30 0 4 9.44000 0 1
1041 30 0 4 17.4400 0 1
1042 30 1 3 -0.5599 0 1
1043 30 0 2 -8.5599 0 1
1044 31 0 4 15.4400 1 1
1045 31 1 1 -6.5599 1 1
1046 31 1 4 0.44000 1 1
1047 31 1 4 2.44000 1 1
1048 31 0 4 16.4400 1 1
1049 31 0 1 -11.559 1 1
1050 31 0 4 17.4400 0 1
1051 31 1 4 18.4400 0 1
1052 31 1 4 14.4400 0 1
1053 31 1 3 -7.5599 0 1
1054 31 0 2 17.4400 0 1
1055 31 1 2 -0.5599 0 1
1056 31 0 1 -9.5599 0 1
1057 31 0 1 -9.5599 0 1
1058 31 1 4 2.44000 0 1
1059 31 0 2 -2.5600 0 1
1060 31 1 4 3.44000 0 1
1061 31 0 4 0.44000 0 1
1062 31 0 1 -13.559 0 1
1063 31 0 1 -11.559 0 1
1064 31 0 4 10.4400 0 1
1065 31 0 4 14.4400 0 1
1066 31 1 3 -0.5599 0 1
1067 31 0 4 8.44000 0 1
1068 31 0 1 -10.559 0 1
1069 31 1 2 -7.5599 0 1
1070 31 1 4 6.44000 0 1
1071 31 1 2 -0.5599 0 1
1072 31 0 4 18.4400 0 1
1073 31 1 1 -10.559 0 1
1074 31 1 2 -9.5599 0 1
1075 31 0 4 0.44000 0 1
1076 31 0 1 -11.559 0 1
1077 32 1 4 10.4400 0 1
1078 32 0 1 -2.5599 0 1
1079 32 0 4 0.44000 0 1
1080 32 0 3 -2.5599 0 1
1081 32 0 3 -3.5599 0 1
1082 32 0 4 13.4400 0 1
1083 32 1 4 -3.5599 0 1
1084 32 0 4 12.4400 0 1
1085 32 0 4 1.44000 0 1
1086 32 0 1 -9.5599 0 1
1087 32 1 4 -2.5599 0 1
1088 32 0 4 1.44000 0 1
1089 32 1 4 -2.5599 0 1
1090 32 0 4 8.44000 0 1
1091 32 1 1 -11.559 0 1
1092 32 0 2 -11.560 0 1
1093 32 0 4 -0.5599 0 1
1094 32 0 1 -11.559 0 1
1095 32 0 3 4.44000 0 1
1096 32 0 4 1.44000 0 1
1097 32 0 4 5.44000 0 1
1098 32 0 4 2.44000 0 1
1099 32 0 2 -9.5599 0 1
1100 32 0 4 4.44000 0 1
1101 33 0 3 4.44000 1 1
1102 33 1 4 1.44000 1 1
1103 33 1 4 2.44000 1 1
1104 33 1 2 -1.5599 1 1
1105 33 0 2 -7.5599 1 1
1106 33 1 4 5.44000 1 1
1107 33 1 4 6.44000 1 1
1108 33 0 2 -10.560 0 1
1109 33 1 4 0.44000 0 1
1110 33 0 3 19.4400 0 1
1111 33 0 3 -2.5599 0 1
1112 33 0 2 -4.5599 0 1
1113 33 0 4 18.4400 0 1
1114 33 0 3 6.44000 0 1
1115 34 1 3 13.4400 1 1
1116 34 0 4 8.44000 1 1
1117 34 1 1 -9.5599 1 1
1118 34 0 1 4.44000 1 1
1119 34 0 4 10.4400 1 1
1120 34 1 1 -1.5599 1 1
1121 34 0 3 10.4400 1 1
1122 34 0 4 11.4400 1 1
1123 34 0 4 -2.5599 1 1
1124 34 1 1 -11.559 0 1
1125 34 1 2 3.44000 0 1
1126 34 1 3 4.44000 0 1
1127 34 1 4 -3.5600 0 1
1128 34 1 1 -8.5599 0 1
1129 34 0 3 8.44000 0 1
1130 34 1 4 8.44000 0 1
1131 34 1 4 4.44000 0 1
1132 34 1 3 -3.5599 0 1
1133 34 1 4 8.44000 0 1
1134 34 0 3 -3.5599 0 1
1135 34 0 2 -9.5599 0 1
1136 34 1 4 -2.5599 0 1
1137 34 1 4 2.44000 0 1
1138 34 1 3 0.44000 0 1
1139 34 0 2 4.44000 0 1
1140 34 1 3 -7.5599 0 1
1141 34 1 4 11.4400 0 1
1142 34 0 1 -12.559 0 1
1143 34 0 4 9.44000 0 1
1144 34 1 2 -2.5599 0 1
1145 34 1 4 -2.5599 0 1
1146 34 1 3 13.4400 0 1
1147 34 1 4 11.4400 0 1
1148 34 1 3 0.44000 0 1
1149 34 1 4 12.4400 0 1
1150 35 1 1 0.44000 1 1
1151 35 0 2 -10.559 1 1
1152 35 0 1 -6.5599 1 1
1153 35 1 2 -12.559 1 1
1154 35 0 1 -11.559 1 1
1155 35 0 2 -9.5599 1 1
1156 35 0 3 -10.559 1 1
1157 35 0 3 6.44000 1 1
1158 35 1 1 -6.5599 1 1
1159 35 1 4 -5.5599 1 1
1160 35 1 4 -0.5599 1 1
1161 35 0 4 17.4400 1 1
1162 35 1 2 -0.5599 1 1
1163 35 1 2 -0.5599 1 1
1164 35 1 1 2.44000 1 1
1165 35 0 2 6.44000 1 1
1166 35 1 3 -6.5599 1 1
1167 35 1 3 9.44000 1 1
1168 35 1 4 4.44000 1 1
1169 35 0 1 -13.559 1 1
1170 35 0 4 5.44000 0 1
1171 35 0 3 -7.5599 0 1
1172 35 0 4 3.44000 0 1
1173 35 0 3 -6.5599 0 1
1174 35 0 2 -13.559 0 1
1175 35 0 4 -0.5599 0 1
1176 35 0 4 6.44000 0 1
1177 35 1 4 18.4400 0 1
1178 35 1 4 3.44000 0 1
1179 35 1 1 -7.5599 0 1
1180 35 1 4 -2.5599 0 1
1181 35 1 2 -2.5600 0 1
1182 35 1 4 -8.5599 0 1
1183 35 1 3 -0.5599 0 1
1184 35 0 3 4.44000 0 1
1185 35 1 4 1.44000 0 1
1186 35 1 3 12.4400 0 1
1187 35 0 2 -6.5599 0 1
1188 35 1 3 10.4400 0 1
1189 35 0 1 -11.559 0 1
1190 35 1 3 -6.5599 0 1
1191 35 0 4 5.44000 0 1
1192 35 1 4 10.4400 0 1
1193 35 0 4 2.44000 0 1
1194 35 1 4 14.4400 0 1
1195 35 0 2 -9.5599 0 1
1196 35 0 4 16.4400 0 1
1197 35 0 1 16.4400 0 1
1198 36 0 4 12.4400 1 1
1199 36 1 3 -4.5599 1 1
1200 36 0 1 -10.559 1 1
1201 36 0 1 -8.5599 0 1
1202 36 0 3 -0.5599 0 1
1203 36 1 3 -2.5599 0 1
1204 36 1 3 -3.5599 0 1
1205 36 0 2 5.44000 0 1
1206 36 0 4 19.4400 0 1
1207 36 0 4 1.44000 0 1
1208 36 1 4 3.44000 0 1
1209 36 0 4 1.44000 0 1
1210 36 0 4 2.44000 0 1
1211 36 0 2 -9.5599 0 1
1212 36 0 2 -7.5599 0 1
1213 36 1 2 4.44000 0 1
1214 36 1 2 -5.5599 0 1
1215 37 1 2 1.44000 0 1
1216 37 0 4 5.44000 0 1
1217 37 1 3 -4.5599 0 1
1218 37 1 4 18.4400 0 1
1219 37 1 3 -2.5599 0 1
1220 37 1 3 -3.5599 0 1
1221 37 1 1 -9.5599 0 1
1222 37 1 4 9.44000 0 1
1223 37 0 2 -6.5599 0 1
1224 37 0 1 -13.559 0 1
1225 37 0 4 3.44000 0 1
1226 37 0 4 16.4400 0 1
1227 37 0 4 10.4400 0 1
1228 38 1 4 8.44000 1 1
1229 38 0 4 15.4400 1 1
1230 38 1 4 -1.5599 1 1
1231 38 1 4 15.4400 1 1
1232 38 1 4 9.44000 1 1
1233 38 0 1 -6.5599 1 1
1234 38 0 2 19.4400 1 1
1235 38 0 4 19.4400 0 1
1236 38 0 4 0.44000 0 1
1237 38 0 1 -12.559 0 1
1238 38 0 4 16.4400 0 1
1239 38 0 4 17.4400 0 1
1240 38 0 4 16.4400 0 1
1241 38 0 1 -9.5599 0 1
1242 39 0 4 4.44000 1 1
1243 39 1 2 -10.559 1 1
1244 39 0 4 8.44000 0 1
1245 39 0 4 14.4400 0 1
1246 39 1 1 -1.5599 0 1
1247 39 1 1 -10.560 0 1
1248 39 1 3 -1.5599 0 1
1249 39 1 1 -7.5599 0 1
1250 39 1 2 -0.5599 0 1
1251 39 1 3 -1.5599 0 1
1252 39 0 1 -6.5600 0 1
1253 39 1 4 10.4400 0 1
1254 39 0 4 5.44000 0 1
1255 39 0 1 -4.5599 0 1
1256 39 0 1 -11.559 0 1
1257 39 1 1 -10.560 0 1
1258 39 0 4 13.4400 0 1
1259 39 0 4 8.44000 0 1
1260 39 1 3 12.4400 0 1
1261 39 0 1 -13.559 0 1
1262 39 0 4 -7.5599 0 1
1263 39 1 4 -8.5599 0 1
1264 39 0 1 -7.5599 0 1
1265 39 0 4 19.4400 0 1
1266 39 1 1 3.44000 0 1
1267 39 1 4 7.44000 0 1
1268 40 0 3 2.44000 1 1
1269 40 0 4 2.44000 1 1
1270 40 0 4 1.44000 1 1
1271 40 0 1 -12.559 1 1
1272 40 1 1 -4.5599 1 1
1273 40 1 1 -3.5599 1 1
1274 40 0 1 -10.559 1 1
1275 40 1 4 10.4400 1 1
1276 40 0 1 -7.5599 1 1
1277 40 1 4 3.44000 1 1
1278 40 1 2 -3.5599 1 1
1279 40 0 1 -9.5599 1 1
1280 40 1 1 0.44000 1 1
1281 40 1 3 5.44000 1 1
1282 40 1 4 1.44000 1 1
1283 40 0 4 10.4400 1 1
1284 40 0 4 11.4400 1 1
1285 40 1 1 -8.5599 1 1
1286 40 1 4 4.44000 1 1
1287 40 0 1 5.44000 1 1
1288 40 1 2 -1.5599 1 1
1289 40 1 1 12.4400 1 1
1290 40 0 2 -8.5599 1 1
1291 40 0 1 4.44000 1 1
1292 40 0 1 -11.559 1 1
1293 40 1 3 -1.5599 1 1
1294 40 0 2 11.4400 1 1
1295 40 0 4 15.4400 1 1
1296 40 1 2 -5.5599 1 1
1297 40 0 4 4.44000 0 1
1298 40 1 4 5.44000 0 1
1299 40 1 4 0.44000 0 1
1300 40 0 4 19.4400 0 1
1301 40 1 4 0.44000 0 1
1302 40 0 1 -4.5599 0 1
1303 40 0 4 13.4400 0 1
1304 40 0 4 14.4400 0 1
1305 40 1 4 17.4400 0 1
1306 40 1 1 -10.559 0 1
1307 40 0 4 -4.5599 0 1
1308 40 0 4 12.4400 0 1
1309 41 0 4 6.44000 1 1
1310 41 0 4 6.44000 1 1
1311 41 0 1 6.44000 1 1
1312 41 0 2 1.44000 0 1
1313 41 1 4 13.4400 0 1
1314 41 1 4 10.4400 0 1
1315 41 1 3 -4.5599 0 1
1316 41 1 1 -8.5599 0 1
1317 41 1 4 0.44000 0 1
1318 41 0 4 2.44000 0 1
1319 41 0 4 -0.5599 0 1
1320 41 1 4 7.44000 0 1
1321 41 0 4 12.4400 0 1
1322 41 0 3 -7.5599 0 1
1323 41 1 2 -1.5599 0 1
1324 41 0 2 11.4400 0 1
1325 41 1 3 -2.5599 0 1
1326 41 1 1 -3.5599 0 1
1327 41 0 1 -12.559 0 1
1328 41 1 3 -0.5599 0 1
1329 41 0 2 -5.5599 0 1
1330 41 0 3 -1.5599 0 1
1331 41 1 2 5.44000 0 1
1332 41 0 2 -6.5599 0 1
1333 41 1 4 8.44000 0 1
1334 41 1 2 -9.5599 0 1
1335 42 0 2 -7.5599 1 1
1336 42 1 2 -2.5599 1 1
1337 42 0 1 -13.559 1 1
1338 42 0 2 0.44000 1 1
1339 42 0 2 -0.5599 1 1
1340 42 0 1 -10.560 0 1
1341 42 1 3 9.44000 0 1
1342 42 1 4 11.4400 0 1
1343 42 1 2 1.44000 0 1
1344 42 1 4 16.4400 0 1
1345 42 1 2 -1.5599 0 1
1346 43 0 1 1.44000 1 1
1347 43 1 1 -6.5599 1 1
1348 43 1 2 -0.5599 1 1
1349 43 0 3 3.44000 1 1
1350 43 0 4 0.44000 1 1
1351 43 1 3 5.44000 1 1
1352 43 0 1 6.44000 1 1
1353 43 1 3 2.44000 1 1
1354 43 1 3 -2.5599 1 1
1355 43 0 2 -0.5599 1 1
1356 43 1 1 -11.559 1 1
1357 43 0 4 17.4400 1 1
1358 43 1 2 2.44000 1 1
1359 43 0 3 -8.5599 1 1
1360 43 1 2 -0.5599 1 1
1361 43 1 4 11.4400 1 1
1362 43 1 1 -12.559 1 1
1363 43 1 2 0.44000 0 1
1364 43 1 2 -3.5599 0 1
1365 43 0 1 0.44000 0 1
1366 43 0 1 -13.560 0 1
1367 43 1 2 -5.5599 0 1
1368 43 0 3 -2.5599 0 1
1369 43 1 1 -9.5599 0 1
1370 43 1 2 -10.559 0 1
1371 43 0 1 -12.559 0 1
1372 43 1 4 12.4400 0 1
1373 43 0 2 -8.5599 0 1
1374 43 0 1 -10.559 0 1
1375 43 1 4 -5.5599 0 1
1376 43 1 4 6.44000 0 1
1377 43 0 4 18.4400 0 1
1378 43 0 4 13.4400 0 1
1379 43 0 1 -1.5599 0 1
1380 43 1 1 -10.559 0 1
1381 43 0 1 -13.560 0 1
1382 43 0 1 -13.560 0 1
1383 43 1 4 12.4400 0 1
1384 43 1 3 -4.5599 0 1
1385 43 1 3 -6.5599 0 1
1386 43 0 2 0.44000 0 1
1387 43 1 4 17.4400 0 1
1388 43 0 1 -11.560 0 1
1389 43 1 4 10.4400 0 1
1390 43 0 1 -0.5599 0 1
1391 44 0 1 -7.5599 0 1
1392 44 0 4 13.4400 0 1
1393 44 1 4 16.4400 0 1
1394 44 0 4 0.44000 0 1
1395 44 0 4 5.44000 0 1
1396 44 0 4 2.44000 0 1
1397 44 0 1 -0.5599 0 1
1398 44 0 4 7.44000 0 1
1399 44 1 3 1.44000 0 1
1400 44 0 1 -3.5599 0 1
1401 44 0 4 13.4400 0 1
1402 44 0 1 -13.559 0 1
1403 44 1 2 -1.5599 0 1
1404 44 0 1 -0.5599 0 1
1405 44 1 3 1.44000 0 1
1406 44 0 4 1.44000 0 1
1407 44 0 1 -10.559 0 1
1408 44 0 2 -6.5600 0 1
1409 44 0 2 -4.5599 0 1
1410 44 0 1 18.4400 0 1
1411 44 1 3 16.4400 0 1
1412 44 0 3 7.44000 0 1
1413 44 0 1 -10.559 0 1
1414 44 0 3 -2.5599 0 1
1415 44 0 2 -4.5599 0 1
1416 44 1 3 -3.5599 0 1
1417 44 0 4 -5.5600 0 1
1418 45 1 2 10.4400 1 1
1419 45 0 1 -7.5599 1 1
1420 45 1 3 -6.5599 1 1
1421 45 1 3 -2.5599 1 1
1422 45 1 2 -9.5599 1 1
1423 45 1 2 -10.559 0 1
1424 45 0 4 11.4400 0 1
1425 45 0 2 -10.559 0 1
1426 45 0 4 1.44000 0 1
1427 45 0 1 10.4400 0 1
1428 45 0 3 0.44000 0 1
1429 45 0 3 -3.5599 0 1
1430 45 0 3 19.4400 0 1
1431 45 0 4 17.4400 0 1
1432 45 0 3 -8.5599 0 1
1433 45 0 2 -6.5599 0 1
1434 45 1 2 4.44000 0 1
1435 45 1 2 1.44000 0 1
1436 45 0 1 -9.5599 0 1
1437 45 0 2 -6.5599 0 1
1438 45 0 3 4.44000 0 1
1439 45 1 4 -0.5599 0 1
1440 45 0 2 -6.5599 0 1
1441 45 0 1 -13.559 0 1
1442 45 0 3 -8.5599 0 1
1443 45 0 2 -6.5599 0 1
1444 45 1 4 -0.5599 0 1
1445 45 1 4 -2.5599 0 1
1446 45 0 3 -11.559 0 1
1447 45 1 4 10.4400 0 1
1448 45 0 2 -4.5599 0 1
1449 45 0 3 -4.5600 0 1
1450 45 1 4 -1.5599 0 1
1451 45 0 1 -1.5599 0 1
1452 45 0 1 -12.560 0 1
1453 45 1 2 -10.559 0 1
1454 45 0 4 1.44000 0 1
1455 45 0 4 5.44000 0 1
1456 45 0 1 -12.560 0 1
1457 46 1 4 13.4400 1 1
1458 46 1 4 7.44000 1 1
1459 46 1 2 7.44000 1 1
1460 46 1 2 -1.5599 1 1
1461 46 1 2 -8.5599 1 1
1462 46 0 1 -8.5599 1 1
1463 46 1 4 -0.5599 1 1
1464 46 0 3 0.44000 1 1
1465 46 0 1 -10.559 1 1
1466 46 1 4 7.44000 1 1
1467 46 0 3 3.44000 1 1
1468 46 1 2 0.44000 1 1
1469 46 0 4 8.44000 0 1
1470 46 1 3 0.44000 0 1
1471 46 1 2 -11.559 0 1
1472 46 0 3 -9.5599 0 1
1473 46 1 3 -3.5599 0 1
1474 46 0 4 10.4400 0 1
1475 46 1 3 -1.5599 0 1
1476 46 0 4 15.4400 0 1
1477 46 1 3 0.44000 0 1
1478 46 1 1 -10.560 0 1
1479 46 0 4 -5.5599 0 1
1480 46 1 3 -3.5599 0 1
1481 46 0 1 -11.559 0 1
1482 46 1 4 4.44000 0 1
1483 46 1 2 -2.5599 0 1
1484 46 0 2 -6.5599 0 1
1485 46 1 4 7.44000 0 1
1486 46 0 1 0.44000 0 1
1487 46 0 4 2.44000 0 1
1488 46 1 4 -2.5599 0 1
1489 46 0 1 -4.5599 0 1
1490 46 0 2 -5.5599 0 1
1491 46 0 4 9.44000 0 1
1492 46 1 2 -10.559 0 1
1493 46 0 1 -11.559 0 1
1494 46 0 3 3.44000 0 1
1495 46 1 4 -2.5599 0 1
1496 46 1 4 6.44000 0 1
1497 46 0 1 -4.5599 0 1
1498 46 1 3 -2.5599 0 1
1499 46 0 4 16.4400 0 1
1500 46 1 1 -7.5599 0 1
1501 46 0 4 16.4400 0 1
1502 46 1 1 -5.5599 0 1
1503 46 1 1 -12.560 0 1
1504 46 1 3 2.44000 0 1
1505 46 1 4 -5.5599 0 1
1506 46 1 4 -0.5599 0 1
1507 46 0 2 -2.5599 0 1
1508 46 1 4 7.44000 0 1
1509 46 1 1 -12.560 0 1
1510 46 1 4 2.44000 0 1
1511 46 0 4 15.4400 0 1
1512 46 1 1 -7.5599 0 1
1513 46 0 4 8.44000 0 1
1514 46 1 4 6.44000 0 1
1515 46 1 2 -2.5599 0 1
1516 46 1 4 1.44000 0 1
1517 46 1 2 -6.5599 0 1
1518 46 1 3 -3.5599 0 1
1519 46 0 4 17.4400 0 1
1520 46 1 3 -0.5599 0 1
1521 46 0 3 5.44000 0 1
1522 46 0 1 -11.559 0 1
1523 46 0 4 -3.5599 0 1
1524 46 1 1 -12.560 0 1
1525 46 1 3 17.4400 0 1
1526 46 1 2 13.4400 0 1
1527 46 0 1 -9.5599 0 1
1528 46 1 4 6.44000 0 1
1529 46 0 1 -7.5599 0 1
1530 46 0 1 -9.5599 0 1
1531 46 0 4 18.4400 0 1
1532 46 0 4 3.44000 0 1
1533 46 0 2 -12.559 0 1
1534 46 0 1 -11.559 0 1
1535 46 1 3 -0.5599 0 1
1536 46 0 1 -4.5599 0 1
1537 46 0 3 2.44000 0 1
1538 46 1 4 0.44000 0 1
1539 46 0 4 0.44000 0 1
1540 46 0 1 6.44000 0 1
1541 46 0 4 8.44000 0 1
1542 46 0 3 -0.5599 0 1
1543 47 1 3 -0.5599 1 1
1544 47 1 4 12.4400 1 1
1545 47 0 1 1.44000 1 1
1546 47 0 1 -11.559 1 1
1547 47 0 1 -6.5599 1 1
1548 47 1 3 8.44000 1 1
1549 47 0 4 16.4400 0 1
1550 47 1 4 1.44000 0 1
1551 47 1 4 6.44000 0 1
1552 47 0 1 -9.5599 0 1
1553 47 0 3 8.44000 0 1
1554 47 1 4 8.44000 0 1
1555 47 1 1 8.44000 0 1
1556 47 0 4 9.44000 0 1
1557 47 0 2 17.4400 0 1
1558 48 1 3 1.44000 1 1
1559 48 1 3 -1.5599 1 1
1560 48 0 2 -4.5599 1 1
1561 48 1 4 4.44000 1 1
1562 48 0 3 -5.5599 1 1
1563 48 0 1 17.4400 1 1
1564 48 0 4 16.4400 1 1
1565 48 1 2 -6.5599 1 1
1566 48 1 1 -12.559 1 1
1567 48 1 4 2.44000 1 1
1568 48 1 1 -5.5599 1 1
1569 48 0 4 13.4400 1 1
1570 48 0 1 -11.559 1 1
1571 48 1 2 -0.5599 1 1
1572 48 0 4 9.44000 1 1
1573 48 1 1 -7.5599 1 1
1574 48 1 3 -0.5599 0 1
1575 48 0 2 -10.559 0 1
1576 48 0 4 15.4400 0 1
1577 48 0 1 -13.559 0 1
1578 48 0 3 14.4400 0 1
1579 48 0 1 -12.559 0 1
1580 48 1 4 12.4400 0 1
1581 48 1 3 3.44000 0 1
1582 48 0 1 -0.5599 0 1
1583 48 1 4 -1.5599 0 1
1584 48 1 3 0.44000 0 1
1585 48 1 4 11.4400 0 1
1586 48 1 3 2.44000 0 1
1587 48 0 4 17.4400 0 1
1588 48 0 1 -11.560 0 1
1589 48 1 2 -4.5599 0 1
1590 48 1 2 -4.5599 0 1
1591 48 1 1 -10.559 0 1
1592 48 1 2 5.44000 0 1
1593 48 1 2 14.4400 0 1
1594 48 0 3 -0.5599 0 1
1595 48 1 2 -5.5599 0 1
1596 48 0 1 -4.5599 0 1
1597 48 0 1 -9.5599 0 1
1598 48 0 1 -4.5599 0 1
1599 48 0 2 0.44000 0 1
1600 49 0 1 -12.559 0 1
1601 49 0 1 -9.5599 0 1
1602 49 0 1 -10.559 0 1
1603 49 0 4 2.44000 0 1
1604 50 1 4 4.44000 1 1
1605 50 1 4 7.44000 1 1
1606 50 1 4 9.44000 1 1
1607 50 1 1 -12.559 1 1
1608 50 1 4 1.44000 0 1
1609 50 0 4 3.44000 0 1
1610 50 0 4 8.44000 0 1
1611 50 0 1 -8.5599 0 1
1612 50 1 4 6.44000 0 1
1613 50 0 3 0.44000 0 1
1614 50 1 1 -7.5599 0 1
1615 50 0 1 -6.5599 0 1
1616 50 0 1 -10.560 0 1
1617 50 0 1 -8.5599 0 1
1618 50 0 1 -12.560 0 1
1619 50 0 3 9.44000 0 1
1620 50 1 4 15.4400 0 1
1621 50 1 4 0.44000 0 1
1622 50 0 1 -9.5599 0 1
1623 51 0 4 -1.5599 1 1
1624 51 0 4 6.44000 1 1
1625 51 1 3 -6.5599 1 1
1626 51 1 4 -3.5599 1 1
1627 51 0 4 -6.5599 1 1
1628 51 1 4 1.44000 1 1
1629 51 1 4 1.44000 1 1
1630 51 0 2 -11.559 1 1
1631 51 1 2 -12.559 1 1
1632 51 1 1 -10.559 1 1
1633 51 1 4 -1.5599 1 1
1634 51 0 4 12.4400 1 1
1635 51 1 2 -7.5599 1 1
1636 51 0 1 -0.5599 1 1
1637 51 1 2 -11.559 1 1
1638 51 1 1 -6.5599 1 1
1639 51 0 1 -12.559 1 1
1640 51 0 4 12.4400 0 1
1641 51 0 4 8.44000 0 1
1642 51 0 1 -12.559 0 1
1643 51 1 2 -7.5600 0 1
1644 51 0 2 -3.5599 0 1
1645 51 0 1 -11.559 0 1
1646 51 0 2 -1.5600 0 1
1647 51 0 4 -4.5599 0 1
1648 51 1 4 12.4400 0 1
1649 51 0 4 10.4400 0 1
1650 51 1 4 4.44000 0 1
1651 51 1 2 -8.5599 0 1
1652 51 0 3 -7.5599 0 1
1653 51 1 2 -7.5600 0 1
1654 51 0 4 -1.5599 0 1
1655 51 1 2 -5.5599 0 1
1656 51 1 3 -1.5600 0 1
1657 51 0 4 17.4400 0 1
1658 51 0 1 -9.5599 0 1
1659 51 0 3 -7.5599 0 1
1660 52 0 2 -9.5599 1 1
1661 52 0 1 -2.5599 1 1
1662 52 0 2 -11.559 1 1
1663 52 0 2 -9.5599 1 1
1664 52 0 1 -12.559 1 1
1665 52 1 3 2.44000 1 1
1666 52 0 1 -12.559 1 1
1667 52 0 4 8.44000 1 1
1668 52 1 2 -3.5599 1 1
1669 52 0 1 -11.559 1 1
1670 52 1 4 14.4400 1 1
1671 52 0 2 -6.5599 1 1
1672 52 0 2 -12.559 1 1
1673 52 0 1 1.44000 1 1
1674 52 1 2 4.44000 1 1
1675 52 1 1 -12.559 1 1
1676 52 0 2 -8.5599 1 1
1677 52 0 4 10.4400 1 1
1678 52 0 1 -10.559 1 1
1679 52 1 2 -6.5599 0 1
1680 52 0 2 -5.5599 0 1
1681 52 1 1 -13.559 0 1
1682 52 1 2 -9.5599 0 1
1683 52 0 1 -10.559 0 1
1684 52 0 4 14.4400 0 1
1685 52 1 4 3.44000 0 1
1686 52 1 1 -13.559 0 1
1687 52 0 2 -7.5599 0 1
1688 52 0 4 -3.5599 0 1
1689 52 0 3 -0.5599 0 1
1690 52 0 4 -2.5599 0 1
1691 52 0 4 -3.5599 0 1
1692 52 0 1 -7.5599 0 1
1693 52 0 2 -1.5599 0 1
1694 52 0 4 13.4400 0 1
1695 52 1 2 -6.5599 0 1
1696 52 1 4 4.44000 0 1
1697 52 1 4 10.4400 0 1
1698 52 0 2 -6.5599 0 1
1699 52 0 2 -8.5599 0 1
1700 52 0 1 -11.559 0 1
1701 52 0 4 6.44000 0 1
1702 52 0 4 19.4400 0 1
1703 52 1 4 6.44000 0 1
1704 52 1 2 -9.5599 0 1
1705 52 1 4 14.4400 0 1
1706 52 1 4 3.44000 0 1
1707 52 1 1 -9.5599 0 1
1708 52 1 4 14.4400 0 1
1709 52 1 4 6.44000 0 1
1710 52 0 4 19.4400 0 1
1711 52 0 1 -5.5600 0 1
1712 52 1 4 11.4400 0 1
1713 52 1 4 10.4400 0 1
1714 52 1 4 2.44000 0 1
1715 52 0 4 6.44000 0 1
1716 52 1 1 -7.5599 0 1
1717 52 1 4 4.44000 0 1
1718 52 0 1 -12.560 0 1
1719 52 1 4 1.44000 0 1
1720 52 1 2 2.44000 0 1
1721 53 1 4 19.4400 1 1
1722 53 0 1 -9.5600 1 1
1723 53 0 1 10.4400 1 1
1724 53 0 2 -11.559 1 1
1725 53 0 4 6.44000 1 1
1726 53 1 4 13.4400 1 1
1727 53 1 3 4.44000 1 1
1728 53 1 3 0.44000 1 1
1729 53 0 2 -5.5599 1 1
1730 53 0 4 0.44000 1 1
1731 53 0 1 17.4400 1 1
1732 53 1 2 -7.5599 1 1
1733 53 0 1 -0.5599 1 1
1734 53 0 3 -0.5599 1 1
1735 53 1 4 0.44000 1 1
1736 53 0 1 -1.5600 1 1
1737 53 1 4 1.44000 1 1
1738 53 0 3 -6.5599 1 1
1739 53 1 1 -9.5600 1 1
1740 55 0 4 6.44000 1 1
1741 55 1 1 -1.5599 1 1
1742 55 0 4 4.44000 1 1
1743 55 0 2 2.44000 1 1
1744 55 0 3 13.4400 1 1
1745 55 0 2 6.44000 1 1
1746 56 1 4 13.4400 1 1
1747 56 1 1 -9.5599 1 1
1748 56 0 1 -9.5599 1 1
1749 56 0 1 -12.559 1 1
1750 56 0 2 -10.559 1 1
1751 56 1 2 6.44000 1 1
1752 56 1 1 -3.5599 1 1
1753 56 1 3 0.44000 1 1
1754 56 1 1 -7.5599 1 1
1755 56 0 2 5.44000 1 1
1756 56 1 1 -8.5599 1 1
1757 56 1 4 9.44000 1 1
1758 56 0 2 -11.559 1 1
1759 56 0 4 16.4400 1 1
1760 56 0 4 16.4400 1 1
1761 56 0 4 8.44000 1 1
1762 56 1 4 9.44000 1 1
1763 56 1 1 -9.5599 1 1
1764 56 1 2 -7.5599 1 1
1765 56 1 4 5.44000 1 1
1766 56 1 2 -7.5599 1 1
1767 56 1 3 1.44000 0 1
1768 56 1 2 10.4400 0 1
1769 56 0 4 3.44000 0 1
1770 56 0 4 15.4400 0 1
1771 56 0 4 -0.5599 0 1
1772 56 0 1 -12.559 0 1
1773 56 1 2 -8.5599 0 1
1774 56 1 1 -2.5599 0 1
1775 56 1 2 -1.5599 0 1
1776 56 0 3 -1.5599 0 1
1777 56 1 4 17.4400 0 1
1778 56 0 1 -11.559 0 1
1779 56 1 3 1.44000 0 1
1780 56 1 1 -13.559 0 1
1781 56 0 4 5.44000 0 1
1782 56 0 1 -11.559 0 1
1783 56 1 2 -4.5599 0 1
1784 56 0 1 -8.5599 0 1
1785 56 1 4 12.4400 0 1
1786 56 1 1 -8.5599 0 1
1787 56 0 1 -8.5599 0 1
1788 56 1 4 9.44000 0 1
1789 56 0 1 -10.559 0 1
1790 56 1 3 -2.5599 0 1
1791 57 0 2 -0.5599 1 1
1792 57 1 4 4.44000 1 1
1793 57 0 4 3.44000 1 1
1794 57 0 4 17.4400 1 1
1795 57 1 2 3.44000 0 1
1796 57 0 4 0.44000 0 1
1797 57 0 4 18.4400 0 1
1798 57 0 4 2.44000 0 1
1799 57 1 4 3.44000 0 1
1800 57 0 2 -1.5599 0 1
1801 57 0 1 -9.5599 0 1
1802 57 0 4 14.4399 0 1
1803 57 0 1 -6.5599 0 1
1804 57 1 4 18.4400 0 1
1805 57 0 4 -1.5599 0 1
1806 57 0 3 2.44000 0 1
1807 57 0 2 0.44000 0 1
1808 57 0 1 -5.5599 0 1
1809 57 0 4 10.4400 0 1
1810 57 0 1 -7.5599 0 1
1811 57 0 4 -1.5599 0 1
1812 57 0 1 -6.5599 0 1
1813 57 1 3 5.44000 0 1
1814 57 0 1 -9.5599 0 1
1815 57 0 1 -9.5599 0 1
1816 57 0 4 6.44000 0 1
1817 57 0 1 -6.5599 0 1
1818 58 0 1 4.44000 1 1
1819 58 1 4 16.4400 1 1
1820 58 0 1 -11.559 1 1
1821 58 0 1 -9.5599 1 1
1822 58 1 2 0.44000 1 1
1823 58 0 4 19.4400 1 1
1824 58 0 4 19.4400 1 1
1825 58 0 4 0.44000 1 1
1826 58 1 4 3.44000 1 1
1827 58 0 2 3.44000 1 1
1828 58 1 4 14.4400 1 1
1829 58 0 4 17.4400 1 1
1830 58 0 3 -7.5599 1 1
1831 58 1 1 -8.5599 0 1
1832 58 0 2 -6.5599 0 1
1833 58 1 4 18.4400 0 1
1834 58 1 4 15.4400 0 1
1835 58 0 4 15.4400 0 1
1836 58 1 1 -8.5599 0 1
1837 58 1 1 -9.5599 0 1
1838 58 1 3 -1.5599 0 1
1839 58 1 3 1.44000 0 1
1840 58 0 1 -11.559 0 1
1841 58 0 1 -12.559 0 1
1842 58 0 1 -7.5599 0 1
1843 58 0 2 -3.5599 0 1
1844 58 0 3 -8.5599 0 1
1845 58 0 1 -0.5599 0 1
1846 58 0 3 10.4400 0 1
1847 58 1 2 -5.5599 0 1
1848 58 1 3 -5.5599 0 1
1849 58 1 1 -2.5599 0 1
1850 58 1 2 3.44000 0 1
1851 59 0 2 -9.5599 0 1
1852 59 0 4 2.44000 0 1
1853 59 0 3 -10.559 0 1
1854 59 0 4 10.4400 0 1
1855 59 0 1 -12.560 0 1
1856 59 1 3 -8.5599 0 1
1857 59 0 1 -12.560 0 1
1858 59 0 2 -8.5599 0 1
1859 59 0 4 11.4400 0 1
1860 59 0 4 4.44000 0 1
1861 60 0 1 -13.560 1 1
1862 60 0 4 10.4400 1 1
1863 60 0 1 -7.5599 1 1
1864 60 0 1 10.4400 1 1
1865 60 1 1 -8.5599 1 1
1866 60 1 4 6.44000 1 1
1867 60 0 1 -8.5599 1 1
1868 60 0 2 -8.5599 1 1
1869 60 1 4 -1.5599 1 1
1870 60 0 3 -3.5599 1 1
1871 60 0 4 4.44000 0 1
1872 60 1 2 -7.5600 0 1
1873 60 0 2 17.4400 0 1
1874 60 0 4 2.44000 0 1
1875 60 0 3 0.44000 0 1
1876 60 1 3 -0.5599 0 1
1877 60 0 4 7.44000 0 1
1878 60 0 1 -3.5599 0 1
1879 60 1 3 2.44000 0 1
1880 60 0 1 -10.559 0 1
1881 60 0 1 -13.559 0 1
1882 60 0 4 0.44000 0 1
1883 60 0 2 -4.5599 0 1
1884 60 0 1 -11.559 0 1
1885 60 0 1 -9.5599 0 1
1886 60 0 1 -11.559 0 1
1887 60 0 2 -5.5599 0 1
1888 60 0 3 16.4400 0 1
1889 60 0 1 -12.559 0 1
1890 60 1 4 7.44000 0 1
1891 60 0 1 -7.5599 0 1
1892 60 0 4 -0.5599 0 1
1893 61 1 2 -9.5599 1 1
1894 61 0 4 10.4400 1 1
1895 61 0 1 -12.560 1 1
1896 61 0 1 -8.5599 1 1
1897 61 0 3 8.44000 1 1
1898 61 1 2 -9.5599 1 1
1899 61 1 4 -3.5599 1 1
1900 61 0 1 -12.560 1 1
1901 61 0 4 12.4400 1 1
1902 61 0 3 0.44000 1 1
1903 61 0 1 -9.5599 1 1
1904 61 0 4 6.44000 0 1
1905 61 1 1 -9.5599 0 1
1906 61 0 4 5.44000 0 1
1907 61 0 3 11.4400 0 1
1908 61 0 3 -2.5599 0 1
1909 61 0 2 -7.5599 0 1
1910 61 0 2 -5.5599 0 1
1911 61 0 2 -8.5599 0 1
1912 61 0 4 19.4400 0 1
1913 61 0 4 0.44000 0 1
1914 61 0 3 8.44000 0 1
1915 61 0 2 -7.5599 0 1
1916 61 1 4 1.44000 0 1
1917 61 0 1 -9.5599 0 1
1918 61 1 2 -0.5599 0 1
1919 61 0 2 -9.5599 0 1
1920 61 1 1 -10.559 0 1
1921 61 0 4 11.4400 0 1
1922 61 0 4 8.44000 0 1
1923 61 1 1 -11.559 0 1
1924 61 0 4 1.44000 0 1
1925 61 0 2 -5.5600 0 1
1926 61 0 4 14.4400 0 1
1927 61 0 4 19.4400 0 1
1928 61 1 3 -9.5599 0 1
1929 61 0 3 -2.5599 0 1
1930 61 0 4 14.4400 0 1
1931 61 0 3 -4.5599 0 1
1932 61 0 4 14.4400 0 1
1933 61 0 1 -13.560 0 1
1934 61 0 4 10.4400 0 1
