respdeath personyrs agegr period start arsenic
   2   3075.3  1  1  2  1
   0    485.8  1  1  2  2
   0    478.2  1  1  2  3
   0    337.3  1  1  2  4
   2   3981.6  1  1  1  1
   1    656.1  1  1  1  2
   0    190.3  1  1  1  3
   0     12.5  1  1  1  4
   0    936.8  1  2  2  1
   1    194.6  1  2  2  2
   1    164.9  1  2  2  3
   0    121.0  1  2  2  4
   2  10740.7  1  2  1  1
   1   1696.8  1  2  1  2
   0    870.5  1  2  1  3
   0    224.0  1  2  1  4
   7  12451.3  1  3  1  1
   0   2512.0  1  3  1  2
   0    868.3  1  3  1  3
   0    291.8  1  3  1  4
   1   7151.0  1  4  1  1
   3   1341.6  1  4  1  2
   0    419.8  1  4  1  3
   0    160.6  1  4  1  4
   2   2849.8  2  1  2  1
   0    390.5  2  1  2  2
   1    333.0  2  1  2  3
   4    626.7  2  1  2  4
   4   1912.9  2  1  1  1
   0    202.7  2  1  1  2
   0     90.5  2  1  1  3
   0     15.0  2  1  1  4
   3   2195.6  2  2  2  1
   2    346.2  2  2  2  2
   1    287.8  2  2  2  3
   3    349.5  2  2  2  4
   5   5624.5  2  2  1  1
   7    933.5  2  2  1  2
   1    410.9  2  2  1  3
   2     75.4  2  2  1  4
   3    747.8  2  3  2  1
   0    142.1  2  3  2  2
   1    127.5  2  3  2  3
   1    142.3  2  3  2  4
  13   9194.0  2  3  1  1
   5   1919.4  2  3  1  2
   2    902.4  2  3  1  3
   3    487.2  2  3  1  4
   8   8494.5  2  4  1  1
   6   1896.4  2  4  1  2
   3    688.0  2  4  1  3
   0    425.1  2  4  1  4
   2   2085.4  3  1  2  1
   1    194.5  3  1  2  2
   1    291.8  3  1  2  3
   9    672.1  3  1  2  4
   1    657.7  3  1  1  1
   0     70.7  3  1  1  2
   0     33.4  3  1  1  3
   7   1675.9  3  2  2  1
   2    225.4  3  2  2  2
   1    209.7  3  2  2  3
   7    441.1  3  2  2  4
   6   1945.9  3  2  1  1
   0    203.5  3  2  1  2
   1    156.4  3  2  1  3
   0     38.1  3  2  1  4
  10   1501.7  3  3  2  1
   4    234.8  3  3  2  2
   3    190.9  3  3  2  3
   3    244.8  3  3  2  4
  12   4088.7  3  3  1  1
   7    712.8  3  3  1  2
   3    390.7  3  3  1  3
   2    190.8  3  3  1  4
   1    440.2  3  4  2  1
   3    101.3  3  4  2  2
   1    100.8  3  4  2  3
   1    100.6  3  4  2  4
  19   5100.0  3  4  1  1
   6   1052.8  3  4  1  2
   4    621.8  3  4  1  3
   0    419.1  3  4  1  4
   3    833.6  4  1  2  1
   0    110.3  4  1  2  2
   0    158.7  4  1  2  3
   1    277.2  4  1  2  4
   0    114.2  4  1  1  1
   0      4.2  4  1  1  2
   0      9.0  4  1  1  3
   6    973.3  4  2  2  1
   1     54.6  4  2  2  2
   1    108.3  4  2  2  3
   2    268.3  4  2  2  4
   1    358.4  4  2  1  1
   0     38.4  4  2  1  2
   1     39.2  4  2  1  3
   0     10.6  4  2  1  4
   6   1027.1  4  3  2  1
   2    105.6  4  3  2  2
   0     54.7  4  3  2  3
   1    197.2  4  3  2  4
   5   1097.9  4  3  1  1
   0    127.6  4  3  1  2
   0     68.5  4  3  1  3
   1     45.4  4  3  1  4
   6    674.4  4  4  2  1
   1     97.1  4  4  2  2
   2     94.0  4  4  2  3
   2     92.7  4  4  2  4
  14   1763.5  4  4  1  1
   2    324.7  4  4  1  2
   0    180.2  4  4  1  3
   0    114.4  4  4  1  4